ID	M	eM1	eM2	R	eR1	eR2	Teff	eTeff1	eTeff2	Fe/H	eFe/H1	eFe/H2	Ref	logg	elogg1	elogg2	logg_from_M,R	L	eL1	eL2	L_from_SB	class	type	orbit_a	eOrbit_a	R/a	detached	well_detached	source	mode	database
NGTS-EB-8_A	0.25	0.005	0.004	0.255	0.004	0.005	3500.0	100.0	200.0	0.0	0.5	0.5	NA	5.023	0.02	0.016	0.0	0.00879	0.00108	0.00187	1.0	MS	M	8.43	0.02	0.03024911	True	True	OBrien25	EB	3
TIC126323537_A	1.145	0.047	0.047	1.666	0.027	0.027	6787.0	133.0	133.0	-0.53	0.05	0.05	NA	4.05	0.01	0.01	0.0	5.28	0.14	0.13	0.0	MS	NA	8.34	0.01	0.199760192	True	True	MWang25	EB	3
TIC344753509_A	0.743	0.005	0.005	0.729	0.006	0.006	5520.0	120.0	120.0	-0.11	0.12	0.12	NA	4.39	0.09	0.09	0.0	0.44454	0.0406	0.03812	1.0	MS	G8	18.49	0.04	0.039426717	True	True	Pan25	EB	3
KIC7037405_B	1.11	0.011	0.011	1.746	0.16	0.014	6094.0	138.0	148.0	-0.27	0.1	0.1	NA	3.999	0.0071	0.0071	0.0	3.78785	0.80815	0.3599	1.0	MS	NA	193.8	0.89	0.009009288	True	True	Brogaard18	EB	3
EPIC211770390_A	0.825	0.03	0.03	2.156	0.332	0.322	5840.19	128.78	128.78	0.034	0.067	0.067	NA	3.972	0.107	0.107	0.0	4.88	5.1	2.49	0.0	MS	NA	19.31968792	NA	0.111596006	True	True	Xiong23	EB	3
V*_MW_Aur_A	1.412	0.11	0.11	2.279	0.403	0.426	7007.88	68.71	68.71	-0.039	0.036	0.036	NA	4.016	0.057	0.057	0.0	11.3	15.56	6.54	0.0	MS	NA	35.8495278	NA	0.06357127	True	True	Xiong23	EB	3
ASAS_J051753-5406.0_A	1.3094	0.0051	0.0051	1.9288	0.0037	0.003	6462.0	43.0	43.0	0.0	0.2	0.2	NA	3.9836	0.0012	0.0012	0.0	5.83	0.15	0.15	0.0	MS	F	49.718	0.09	0.038794803	True	True	Miller22	EB	3
EPIC219511354_A	0.912	0.006	0.006	0.92	0.007	0.007	5035.01	65.46	65.46	0.07	0.03	0.03	NA	4.47	0.016	0.016	0.0	0.491	0.065	0.057	0.0	MS	K	6.979	0.052	0.131824044	True	True	Xiong23	EB	3
47_Tuc_E32_A	0.862	0.002	0.002	1.183	0.002	0.001	6025.6	18.08	18.08	-0.71	0.1	0.1	NA	4.227	0.002	0.002	0.0	1.66	0.05	0.05	0.0	MS	NA	59.46	0.1	0.019895728	True	True	Xiong23	EB	3
NGC_2506_V5_B	0.707	0.004	0.003	0.61	0.52	0.016	4940.0	110.0	60.0	-0.36	0.01	0.01	NA	4.72	0.03	0.02	1.0	0.19965	0.48581	0.01405	1.0	MS	NA	9.04	0.1	0.067477876	True	True	Knudstrup20	EB	3
KIC9098294	0.97	0.03	0.03	1.14	0.02	0.02	5909.0	172.0	172.0	-0.173	0.018	0.018	LAMOST_DR11	4.31	0.01	0.01	0.0	1.42745	0.1808	0.16665	1.0	MS	G2	NA	NA	NA	NA	NA	Yildiz19	A	2
*_tau_Cet	0.766	0.013	0.013	0.806	0.012	0.004	5397.0	15.0	15.0	-0.51	0.01	0.01	NA	4.58	0.05	0.05	0.0	0.497	0.002	0.002	0.0	MS	G	NA	NA	NA	NA	NA	Soubiran24	A/I	3
47_Tuc-V69_B	0.859	0.006	0.006	1.163	0.006	0.006	5959.0	150.0	150.0	-0.71	0.1	0.1	NA	4.242	0.003	0.003	NA	1.531	0.171	0.171	NA	MS	G	NA	NA	NA	True	True	eker14	EB	1
HW_CMa_B	1.719	0.011	0.011	1.649	0.018	0.018	7560.0	150.0	150.0	0.33	0.1	0.1	NA	4.242	0.01	0.01	NA	7.98	0.71	0.71	NA	MS	A	NA	NA	NA	True	True	eker14	EB	1
V565_Lyr_A	0.929	0.003	0.003	0.971	0.009	0.009	5430.0	125.0	125.0	0.28	0.05	0.05	NA	4.432	0.008	0.008	NA	0.736	0.077	0.077	NA	MS	G	NA	NA	NA	True	True	eker14	EB	1
EPIC206009487	1.03	0.05	0.05	1.49	0.04	0.04	5926.0	71.0	71.0	-0.24	0.08	0.08	NA	4.101	0.012	0.012	NA	1.949	0.164977136	0.164977136	NA	MS	G	NA	NA	NA	NA	NA	lund16	A	1
KIC10079226	1.147	0.047010637	0.046097722	1.158	0.017088007	0.017088007	6078.0	50.0	50.0	0.106	0.099	0.099	NA	4.37	0.007615773	0.007615773	NA	1.666	0.139281472	0.139281472	NA	MS	F	NA	NA	NA	NA	NA	serenelli17	A	1
KIC10610027	1.329	0.062625873	0.055154329	1.48	0.057567352	0.052810984	6704.0	58.0	58.0	-0.041	0.1	0.1	NA	4.222	0.025317978	0.026305893	NA	5.015	0.10287895	0.10287895	NA	MS	F	NA	NA	NA	NA	NA	serenelli17	A	1
KIC11133306	1.059	0.04	0.03	1.189	0.012	0.012	5982.0	82.0	82.0	-0.025	0.072111026	0.072111026	NA	4.314	0.004	0.007	NA	1.628	0.092	0.079	NA	MS	G	NA	NA	NA	NA	NA	silva15	A	1
KIC11904151	0.918	0.011	0.019	1.066	0.006	0.009	5647.0	74.0	74.0	-0.114	0.072111026	0.072111026	NA	4.344	0.003	0.003	NA	1.063	0.032	0.034	NA	MS	G	NA	NA	NA	NA	NA	silva15	A	1
KIC2849125	1.534	0.196705363	0.080529498	2.534	0.118359621	0.093300589	6158.0	56.0	56.0	0.293	0.101	0.101	NA	3.82	0.015132746	0.015132746	NA	7.412	0.337384891	0.337384891	NA	MS	F	NA	NA	NA	NA	NA	serenelli17	A	1
KIC3730801	1.24	0.067896981	0.11315918	1.595	0.04494441	0.052773099	5894.0	58.0	58.0	0.164	0.1	0.1	NA	4.123	0.012649111	0.013601471	NA	2.844	0.24686741	0.24686741	NA	MS	G	NA	NA	NA	NA	NA	serenelli17	A	1
KIC4842436	1.089	0.060440053	0.062008064	1.57	0.056920998	0.054083269	5688.0	63.0	63.0	0.139	0.1	0.1	NA	4.082	0.023769729	0.023769729	NA	2.791	0.254711365	0.254711365	NA	MS	G	NA	NA	NA	NA	NA	serenelli17	A	1
KIC5686856	1.14	0.14	0.11	1.78	0.09	0.08	6125.0	55.0	55.0	0.0	0.2	0.15	NA	3.996	0.012	0.012	NA	2.777	0.070530711	0.070530711	NA	MS	F	NA	NA	NA	NA	NA	C14sdss	A	1
KIC6521045	1.108	0.021	0.019	1.513	0.009	0.012	5825.0	75.0	75.0	0.102	0.072111026	0.072111026	NA	4.125	0.004	0.004	NA	2.478	0.112	0.112	NA	MS	G	NA	NA	NA	NA	NA	silva15	A	1
KIC7529180	1.352	0.06726812	0.067941151	1.455	0.032557641	0.032557641	6682.0	58.0	58.0	-0.024	0.1	0.1	NA	4.243	0.009848858	0.009848858	NA	3.766	0.297722752	0.297722752	NA	MS	F	NA	NA	NA	NA	NA	serenelli17	A	1
KIC8077137	1.117	0.04	0.049	1.632	0.018	0.009	6072.0	75.0	75.0	-0.032	0.072111026	0.072111026	NA	4.056	0.013	0.01	NA	3.183	0.293	0.202	NA	MS	F	NA	NA	NA	NA	NA	silva15	A	1
KIC8420801	1.35	0.1	0.19	1.74	0.06	0.08	6506.0	73.0	73.0	0.07	0.15	0.15	NA	4.08	0.017	0.02	NA	4.674	0.408550153	0.408550153	NA	MS	F	NA	NA	NA	NA	NA	C14sdss	A	1
KIC8956017	1.497	0.074652528	0.074652528	1.881	0.077162167	0.072449983	6605.0	86.0	86.0	0.128	0.1	0.1	NA	4.063	0.02433105	0.025317978	NA	5.943	0.482317729	0.482317729	NA	MS	F	NA	NA	NA	NA	NA	serenelli17	A	1
KIC9414417	1.399	0.073736016	0.075239617	1.917	0.036687873	0.038910153	6278.0	52.0	52.0	-0.049	0.072111026	0.072111026	NA	4.018	0.009433981	0.01	NA	5.158	0.428564138	0.428564138	NA	MS	F	NA	NA	NA	NA	NA	serenelli17	A	1
KIC9791157	1.186	0.049244289	0.05758472	1.952	0.037696154	0.039560081	5852.0	63.0	63.0	-0.047	0.1	0.1	NA	3.929	0.011661904	0.011661904	NA	4.555	0.407819357	0.407819357	NA	MS	G	NA	NA	NA	NA	NA	serenelli17	A	1
