	ID	component	M	eM	R	eR	Teff	eTeff	L	eL	logg	elogg	Fe/H	eFe/H
14	21 Cas	B	1.325	0.007	1.3311	0.0061	6887.0	242.0	3.56	0.5	4.3119	0.0046	0.1	0.06
16	21 Hya	B	1.487	0.013	1.439	0.022	6960.0	210.0	4.4	1.1	4.294	0.014	0.25	0.1
45	alf Cen C		0.124	0.003	0.1544	0.001	2900.0	54.0	0.00152	0.00011	5.154	0.012	-0.04	0.09
47	alf01 Cen		1.0788	0.0029	1.2175	0.0055	5803.0	19.0	1.514	0.015	4.3001	0.0041	0.237	0.007
48	alf02 Cen		0.9092	0.0025	0.8591	0.0036	5206.0	17.0	0.4882	0.0049	4.5287	0.0038	0.221	0.016
103	sig CrB	a	1.137	0.037	1.244	0.05	6050.0	150.0	1.87	0.24	4.304	0.038	-0.06	0.03
104	sig CrB	b	1.09	0.036	1.244	0.05	5870.0	150.0	1.66	0.22	4.286	0.038	-0.06	0.03
117	2MASS J00024841-2953539	A	0.3978	0.0033	0.4037	0.0048	3373.0	39.0	0.01905	0.00088	4.826	0.01	0.04	0.04
118	2MASS J00024841-2953539	B	0.2245	0.0018	0.2759	0.0055	3228.0	45.0	0.00759	0.00052	4.908	0.017	0.04	0.06
120	2MASS J01542093-1543479		0.352	0.008	0.354	0.006	3483.0	67.0	0.017	0.017	4.89	0.02	-0.21	0.03
140	2MASS J06481917-0306077		1.209	0.034	1.22	0.012	6343.0	74.0	2.17	0.11	4.348	0.004	0.04	0.03
157	2MASS J10171027-4622384	B	0.664	0.002	0.6929	0.004	5546.0	153.0	0.409	0.046	4.588	0.003	-1.47	0.04
158	2MASS J10193800-0948225		0.734	0.04	0.683	0.013	4652.0	201.0	0.197	0.035	4.635	0.01	-0.08	0.08
161	2MASS J16232838-2630216	B	0.6051	0.0045	0.6109	0.0091	4808.0	122.0	0.18	0.019	4.645	0.017	-1.2	0.1
163	2MASS J18422295+4305503		0.8	0.03	0.73	0.02	4631.0	93.0	0.165	0.002	4.614	0.029	0.29	0.12
164	2MASS J18422295+4305503		0.8	0.03	0.73	0.02	4631.0	93.0	0.165	0.002	4.614	0.029	0.29	0.12
165	2MASS J18430644+4255283		0.78	0.03	0.71	0.02	4512.0	93.0	0.167	0.002	4.628	0.03	0.35	0.12
166	2MASS J18430644+4255283		0.78	0.03	0.71	0.02	4512.0	93.0	0.167	0.002	4.628	0.03	0.35	0.12
168	2MASS J18463735+4637506		0.89	0.04	0.8	0.04	5174.0	119.0	0.361	0.005	4.581	0.048	0.11	0.12
169	2MASS J18463735+4637506		0.89	0.04	0.8	0.04	5174.0	119.0	0.361	0.005	4.581	0.048	0.11	0.12
170	2MASS J18485221+4357010		0.834	0.026	1.118	0.042	5361.0	76.0	0.938	0.083	4.258	0.032	-0.05	0.12
173	2MASS J18525791+4622424	A	0.944	0.01	0.833	0.011	5521.0	102.0	0.581	0.046	4.571	0.015	0.09	0.1
174	2MASS J18525791+4622424	B	0.1951	0.002	0.215	0.0014	3228.0	97.0	0.00452	0.00055	5.063	0.005	0.09	0.08
176	2MASS J18571988+4529355		0.84	0.03	0.75	0.03	4968.0	99.0	0.285	0.005	4.612	0.038	0.1	0.12
180	2MASS J19024305+5014286		0.918	0.019	1.066	0.009	5647.0	74.0	1.063	0.034	4.344	0.003	-0.15	0.1
185	2MASS J19071569+4711176		0.64	0.03	0.6	0.02	4138.0	78.0	0.079	0.008	4.688	0.035	0.02	0.11
186	2MASS J19071569+4711176		0.64	0.03	0.6	0.02	4138.0	78.0	0.079	0.008	4.688	0.035	0.02	0.11
188	2MASS J19095615+4647030		0.87	0.03	0.78	0.03	5056.0	108.0	0.361	0.005	4.593	0.037	0.11	0.12
189	2MASS J19095615+4647030		0.87	0.03	0.78	0.03	5056.0	108.0	0.361	0.005	4.593	0.037	0.11	0.12
193	2MASS J19161817+5145267	A	0.6897	0.0035	0.6489	0.0013	4450.0	150.0	0.149	0.02	4.6527	0.0017	-0.04	0.08
198	2MASS J19183945+4842223		1.059	0.04	1.189	0.012	5982.0	82.0	1.628	0.092	4.314	0.007	-0.02	0.1
200	2MASS J19200086+4158430		0.74	0.03	0.69	0.02	4439.0	91.0	0.264	0.012	4.63	0.031	0.26	0.12
201	2MASS J19200086+4158430		0.74	0.03	0.69	0.02	4439.0	91.0	0.264	0.012	4.63	0.031	0.26	0.12
202	2MASS J19211530+3840187		0.86	0.04	0.77	0.03	5083.0	100.0	0.706	0.049	4.6	0.039	0.06	0.1
203	2MASS J19211530+3840187		0.86	0.04	0.77	0.03	5083.0	100.0	0.706	0.049	4.6	0.039	0.06	0.1
206	2MASS J19232649+3811211		0.83	0.04	0.75	0.03	5072.0	112.0	0.335	0.04	4.607	0.041	-0.03	0.12
207	2MASS J19232649+3811211		0.83	0.04	0.75	0.03	5072.0	112.0	0.335	0.04	4.607	0.041	-0.03	0.12
209	2MASS J19271460+3900413		0.85	0.03	0.76	0.03	5113.0	100.0	0.406	0.012	4.606	0.038	-0.01	0.1
210	2MASS J19271460+3900413		0.85	0.03	0.76	0.03	5113.0	100.0	0.406	0.012	4.606	0.038	-0.01	0.1
211	2MASS J19272811+4624061		0.871	0.023	1.155	0.022	5252.0	69.0	0.918	0.05	4.25	0.02	0.18	0.12
218	2MASS J19322278+3821405		0.823	0.026	1.181	0.023	5427.0	78.0	1.096	0.062	4.206	0.021	-0.16	0.12
220	2MASS J19323327+4921468		0.83	0.03	0.75	0.03	4961.0	98.0	0.265	0.005	4.607	0.038	0.06	0.12
221	2MASS J19323327+4921468		0.83	0.03	0.75	0.03	4961.0	98.0	0.265	0.005	4.607	0.038	0.06	0.12
223	2MASS J19351820+4820396		0.87	0.04	0.78	0.03	5084.0	104.0	0.338	0.006	4.593	0.039	0.09	0.12
224	2MASS J19351820+4820396		0.87	0.04	0.78	0.03	5084.0	104.0	0.338	0.006	4.593	0.039	0.09	0.12
227	2MASS J19370697+4126128	A	0.9354	0.0037	0.8843	0.0012	5662.0	143.0	0.724	0.074	4.516	0.001	-0.23	0.2
228	2MASS J19370697+4126128	B	0.6997	0.0023	0.6518	0.002	4775.0	418.0	0.199	0.071	4.655	0.003	-0.23	0.2
229	2MASS J19372081+4953518		0.74	0.03	0.68	0.02	4411.0	80.0	0.134	0.002	4.642	0.031	0.24	0.11
230	2MASS J19372081+4953518		0.74	0.03	0.68	0.02	4411.0	80.0	0.134	0.002	4.642	0.031	0.24	0.11
231	2MASS J19375927+4641231	A	0.8878	0.0051	1.0285	0.0019	5610.0	142.0	0.944	0.096	4.3623	0.002	-0.34	0.2
232	2MASS J19375927+4641231	B	0.8095	0.0045	0.7861	0.0022	5200.0	96.0	0.407	0.03	4.5556	0.0016	-0.34	0.2
234	2MASS J19383500+3857475		0.9	0.03	0.82	0.03	5056.0	114.0	1.037	0.064	4.565	0.035	0.09	0.12
235	2MASS J19383500+3857475		0.9	0.03	0.82	0.03	5056.0	114.0	1.037	0.064	4.565	0.035	0.09	0.12
238	2MASS J19401065+3955073		0.67	0.03	0.65	0.03	4267.0	87.0	0.151	0.003	4.638	0.045	0.05	0.11
239	2MASS J19411149+4655136	A	0.957	0.014	0.9361	0.005	5636.0	104.0	0.797	0.059	4.476	0.005	-0.25	0.08
240	2MASS J19411149+4655136	B	0.342	0.003	0.338	0.002	3357.0	100.0	0.014	0.002	4.914	0.005	-0.25	0.08
242	2MASS J19415919+4232163		0.905	0.038	0.836	0.017	5237.0	60.0	0.474	0.029	4.55	0.015	0.14	0.12
246	2MASS J19454459+4438296	A	1.0479	0.0031	1.1617	0.0029	5916.0	123.0	1.49	0.11	4.3284	0.0021	-0.07	0.15
247	2MASS J19454459+4438296	B	1.0207	0.0021	1.0927	0.003	5861.0	135.0	1.28	0.11	4.3703	0.0022	-0.07	0.15
249	2MASS J19480169+4134178		0.86	0.04	0.77	0.03	5119.0	111.0	0.338	0.008	4.6	0.039	0.04	0.12
250	2MASS J19480169+4134178		0.86	0.04	0.77	0.03	5119.0	111.0	0.338	0.008	4.6	0.039	0.04	0.12
253	2MASS J19495420+4106514	B	0.2352	0.0006	0.2545	0.0008	3236.0	37.0	0.0064	0.00029	4.998	0.003	0.15	0.08
254	2MASS J19495420+4106514	C	0.2073	0.0006	0.2315	0.0007	3170.0	36.0	0.00488	0.00022	5.026	0.003	0.15	0.08
257	2MASS J19523602+4039222	B	0.9678	0.004	0.9663	0.0058	5768.0	120.0	0.931	0.078	4.4534	0.004	-0.14	0.05
259	2MASS J19534877+4517502		0.842	0.023	1.049	0.025	5261.0	70.0	0.762	0.061	4.319	0.023	0.07	0.12
260	2MASS J19545035+4649589	B	1.003	0.0085	1.1089	0.0051	6223.0	129.0	1.66	0.14	4.3493	0.0054	-0.35	0.1
263	2MASS J19580928+4539316		0.74	0.03	0.71	0.03	4718.0	110.0	0.25	0.009	4.605	0.041	-0.05	0.12
264	2MASS J19580928+4539316		0.74	0.03	0.71	0.03	4718.0	110.0	0.25	0.009	4.605	0.041	-0.05	0.12
271	2MASSI J0850498+194836	A	0.3953	0.002	0.363	0.008	3258.0	90.0	0.0137	0.001	4.915	0.019	0.01	0.04
272	2MASSI J0850498+194836	B	0.2098	0.0014	0.272	0.012	3119.0	108.0	0.005	0.0015	4.891	0.039	0.01	0.04
273	ClMelotte   22    K   II-465	A	1.09	0.01	1.25	0.01	5957.0	123.0	1.76	0.11	4.286	0.021	0.0	0.05
274	ClMelotte   22    K   II-465	B	0.96	0.02	0.94	0.01	5559.0	154.0	0.76	0.086	4.473	0.033	0.0	0.05
276	ClMelotte   25      S     142	A	0.8798	0.0019	0.825	0.066	5628.0	120.0	0.61	0.11	4.55	0.07	-0.17	0.1
277	ClMelotte   25      S     142	B	0.72697	0.00094	0.363	0.042	4847.0	130.0	0.065	0.017	5.18	0.1	-0.17	0.1
281	ClMelotte   25   REID     139	A	1.0245	0.0024	0.923	0.015	5649.0	52.0	0.782	0.038	4.518	0.014	0.05	0.05
282	ClMelotte   25   REID     139	B	0.7427	0.0015	0.739	0.026	4295.0	99.0	0.168	0.02	4.571	0.032	0.05	0.05
286	ClNGC  752  STOCK      25	B	1.1749	0.0049	1.186	0.0049	6324.0	204.0	2.03	0.26	4.36	0.003	-0.03	0.02
288	ClNGC 104 WSB V69	B	0.8588	0.0059	1.1617	0.0062	5984.0	41.0	1.56	0.05	4.242	0.003	-0.71	0.1
292	ClNGC 2682    FBC    2136	A	0.448	0.001	0.4548	0.0036	3192.0	110.0	0.0193	0.0027	4.774	0.0057	0.3	0.11
293	ClNGC 2682    FBC    2136	B	0.2721	0.0042	0.2913	0.0024	3097.0	107.0	0.0071	0.001	4.9442	0.0039	0.3	0.11
298	ClNGC 2682   SAND    1247	A	1.111	0.015	1.071	0.0089	6095.0	98.0	1.427	0.095	4.424	0.002	0.03	0.04
299	ClNGC 2682   SAND    1247	B	0.748	0.005	0.713	0.032	4710.0	108.0	0.225	0.029	4.607	0.038	0.03	0.04
305	ClNGC 3532   FERN     363	B	1.84	0.01	1.6971	0.0051	8954.0	247.0	16.6	1.5	4.243	0.002	0.02	0.06
306	ClNGC 6121  MKTWD   11657	A	0.7842	0.0045	0.9348	0.0047	6166.0	99.0	1.13	0.073	4.388	0.077	-1.2	0.1
307	ClNGC 6121  MKTWD   11657	B	0.7442	0.0043	0.8299	0.0054	5943.0	109.0	0.774	0.058	4.469	0.085	-1.2	0.1
309	ClNGC 6362    SAW V40	B	0.7947	0.0048	0.997	0.013	6095.0	154.0	1.24	0.13	4.341	0.012	-1.07	0.05
310	ClNGC 6362    SAW V41	A	0.8215	0.0059	1.074	0.0047	6124.0	127.0	1.46	0.11	4.2907	0.0049	-1.07	0.05
311	ClNGC 6362    SAW V41	B	0.7279	0.0047	0.7306	0.0045	5741.0	119.0	0.522	0.044	4.5728	0.006	-1.07	0.05
312	ClNGC 6791     KR V18	A	0.9955	0.0033	1.1011	0.0068	5600.0	95.0	1.072	0.07	4.3525	0.0056	0.28	0.05
313	ClNGC 6791     KR V18	B	0.9293	0.0032	0.9708	0.0054	5430.0	125.0	0.739	0.069	4.432	0.0051	0.28	0.05
315	ClNGC 6791    SBG    9665	B	0.8276	0.0023	0.7813	0.0052	4819.0	146.0	0.297	0.036	4.5703	0.0059	0.28	0.05
316	ClNGC 6809    SAW V54	A	0.726	0.015	1.006	0.009	6252.0	72.0	1.38	0.067	4.294	0.01	-1.86	0.15
317	ClNGC 6809    SAW V54	B	0.555	0.0081	0.528	0.005	5023.0	93.0	0.16	0.012	4.737	0.01	-1.86	0.15
319	ClNGC 6811    SAN     195	B	1.4191	0.0091	1.5438	0.0028	7145.0	99.0	5.6	0.31	4.213	0.002	-0.03	0.13
320	EBLM J0057-19	A	1.067	0.07	1.262	0.032	5580.0	150.0	1.39	0.17	4.263	0.014	0.23	0.09
323	EBLM J0228+05	A	1.482	0.094	1.57	0.035	6912.0	134.0	5.07	0.45	4.216	0.01	0.08	0.08
329	EBLM J0608-59	A	1.098	0.018	1.321	0.017	6031.0	56.0	2.09	0.09	4.24	0.01	0.01	0.05
330	EBLM J0608-59	B	0.308	0.003	0.309	0.004	3206.0	133.0	0.0091	0.0015	4.95	0.01	0.01	0.05
332	EBLM J0627-67	A	1.217	0.082	1.361	0.031	6498.0	117.0	2.97	0.25	4.255	0.01	-0.16	0.13
334	EBLM J0719+25	A	1.142	0.059	1.349	0.028	6026.0	67.0	2.16	0.13	4.236	0.011	0.04	0.05
336	EBLM J0955-39	A	1.097	0.061	1.061	0.021	6340.0	80.0	1.64	0.11	4.427	0.009	-0.24	0.08
337	EBLM J1013+01	A	0.9	0.05	0.973	0.018	5200.0	80.0	0.624	0.045	4.416	0.007	0.09	0.08
340	EBLM J1934-42	A	1.061	0.055	0.998	0.02	5648.0	68.0	0.914	0.058	4.465	0.011	0.29	0.05
342	EBLM J2046+06	A	1.199	0.062	1.303	0.025	6302.0	70.0	2.41	0.14	4.287	0.009	0.0	0.05
353	Gaia DR3 5413575142952201088	B	0.6841	0.003	0.6871	0.004	5559.0	77.0	0.406	0.023	4.599	0.003	-1.47	0.04
359	HD   4628		0.762	0.012	0.6937	0.0032	5092.0	33.0	0.2915	0.0071	4.64	0.01	-0.26	0.01
360	HD   4747		0.797	0.021	0.79	0.014	5350.0	50.0	0.4606	0.0046	4.55	0.03	-0.23	0.02
366	HD  10069		1.362	0.033	1.276	0.011	6599.0	48.0	2.78	0.094	4.361	0.004	0.22	0.03
370	HD  16031		0.8	0.02	1.09	0.04	6266.0	31.0	1.65	0.13	4.27	0.04	-1.63	0.05
371	HD  16160		0.771	0.004	0.8003	0.0057	4661.0	17.0	0.254	0.016	4.516	0.044	-0.13	0.02
374	HD  18143C		0.304	0.007	0.324	0.006	3282.0	67.0	0.011	0.011	4.9	0.02	0.26	0.01
378	HD  22064	B	0.576	0.0099	0.595	0.0079	3698.0	315.0	0.06	0.021	4.65	0.01	-0.05	0.15
380	HD  22879		0.77	0.01	1.071	0.031	5961.0	87.0	1.304	0.013	4.27	0.04	-0.88	0.05
383	HD  25457		1.209	0.023	1.17	0.032	6294.0	91.0	1.935	0.036	4.39	0.04	0.1	0.03
409	HD  32129	B	1.0688	0.002	0.9874	0.005	5754.0	93.0	0.963	0.063	4.478	0.006	0.19	0.07
418	HD  34328		0.74	0.02	0.82	0.03	5997.0	36.0	0.784	0.06	4.48	0.04	-1.56	0.05
422	HD  36395		0.615	0.062	0.5782	0.0025	3801.0	12.0	0.06285	0.00063	4.703	0.044	0.02	0.04
427	HD  38529B		0.498	0.012	0.524	0.009	3456.0	67.0	0.035	0.036	4.69	0.02	0.35	0.01
429	HD  38858		0.855	0.015	0.935	0.015	5704.0	47.0	0.8339	0.0084	4.43	0.02	-0.22	0.01
432	HD  41255	A	1.0719	0.0023	1.01	0.21	6017.0	129.0	1.2	0.63	4.46	0.18	-0.15	0.06
433	HD  41255	B	1.0808	0.0024	0.89	0.22	6064.0	98.0	0.97	0.61	4.57	0.21	-0.15	0.06
446	HD  46375B		0.528	0.013	0.566	0.01	3545.0	67.0	0.045	0.0045	4.65	0.02	0.24	0.01
452	HD  50281B		0.441	0.012	0.445	0.008	3533.0	67.0	0.02781	0.00028	4.79	0.02	0.07	0.02
470	HD  61606B		0.627	0.015	0.616	0.009	4154.0	67.0	0.1022	0.001	4.66	0.02	0.08	0.01
478	HD  69830		0.843	0.009	0.911	0.019	5316.0	58.0	0.5974	0.0081	4.45	0.03	-0.03	0.01
483	HD  74000		0.81	0.02	0.99	0.04	6408.0	40.0	1.49	0.13	4.35	0.05	-1.82	0.05
491	HD  79210		0.622	0.062	0.593	0.01	3906.0	35.0	0.07376	0.00074	4.69	0.02	-0.35	0.03
492	HD  79211		0.6	0.06	0.583	0.011	3866.0	37.0	0.06837	0.00068	4.685	0.046	-0.33	0.03
497	HD  88230		0.678	0.011	0.664	0.021	4131.0	72.0	0.1157	0.0035	4.63	0.04	0.02	0.008
517	HD  94028		0.79	0.02	0.95	0.04	6097.0	40.0	1.124	0.099	4.38	0.04	-1.33	0.05
523	HD  95735		0.403	0.04	0.392	0.0036	3464.0	18.0	0.01994	0.0002	4.857	0.044	-0.76	0.06
526	HD 101364		1.02	0.02	0.987	0.023	5794.0	7.0	0.989	0.046	4.46	0.02	0.02	0.01
527	HD 102200		0.87	0.01	1.069	0.016	6204.0	48.0	1.525	0.016	4.36	0.04	-1.08	0.05
532	HD 106038		0.761	0.003	1.049	0.015	6168.0	45.0	1.434	0.019	4.28	0.02	-1.33	0.04
537	HD 108177		0.82	0.02	1.0	0.04	6274.0	34.0	1.4	0.12	4.36	0.05	-1.56	0.05
547	HD 113337		1.449	0.019	1.501	0.035	6782.0	81.0	4.292	0.044	4.24	0.03	0.17	0.03
552	HD 116064		0.74	0.01	0.97	0.03	6022.0	37.0	1.115	0.074	4.33	0.04	-2.0	0.05
565	HD 119850		0.52	0.052	0.4878	0.0082	3618.0	32.0	0.03672	0.00037	4.778	0.046	-0.69	0.05
574	HD 126681		0.7	0.02	0.69	0.02	5605.0	31.0	0.423	0.026	4.61	0.03	-1.22	0.05
603	HD 149421		1.17	0.04	1.37	0.03	6268.0	77.0	2.61	0.17	4.228	0.014	-0.03	0.1
606	HD 149946	B	1.141	0.0021	1.2241	0.0039	6592.0	380.0	2.55	0.59	4.32	0.003	-0.19	0.16
608	HD 154363B		0.464	0.011	0.467	0.008	3615.0	67.0	0.0336	0.0033	4.77	0.02	-0.23	0.02
623	HD 158633		0.732	0.006	0.788	0.014	5187.0	51.0	0.4047	0.0074	4.51	0.02	-0.46	0.01
630	HD 163840	A	1.132	0.014	1.2	0.14	5970.0	100.0	1.66	0.4	4.33	0.1	-0.19	0.1
631	HD 163840	B	0.7421	0.0073	0.561	0.065	4385.0	167.0	0.105	0.029	4.81	0.1	-0.19	0.1
632	HD 164595B		0.448	0.011	0.46	0.008	3516.0	67.0	0.0291	0.0029	4.76	0.02	-0.08	0.01
633	HD 164922		0.904	0.016	0.973	0.024	5391.0	67.0	0.7206	0.0072	4.43	0.03	0.18	0.02
635	HD 166913		0.78	0.02	1.13	0.04	6172.0	35.0	1.67	0.12	4.23	0.04	-1.51	0.05
637	HD 173701		1.0	0.03	0.964	0.017	5314.0	50.0	0.6687	0.0067	4.497	0.002	0.35	0.08
638	HD 173739		0.318	0.032	0.3549	0.003	3406.0	17.0	0.01527	0.00015	4.84	0.044	-0.44	0.13
639	HD 173740		0.235	0.024	0.3223	0.0057	3103.0	28.0	0.00868	8.7e-05	4.792	0.046	-0.39	0.2
641	HD 175289A		1.214	0.033	1.352	0.01	6325.0	75.0	2.72	0.18	4.261	0.007	0.01	0.1
643	HD 175726		1.069	0.019	0.988	0.02	6069.0	63.0	1.193	0.012	4.48	0.03	-0.04	0.03
644	HD 176071	A	1.48	0.085	1.569	0.027	6400.0	84.0	3.72	0.23	4.213	0.004	0.15	0.09
645	HD 176153		1.26	0.016	1.272	0.006	6177.0	77.0	2.12	0.11	4.325	0.003	-0.07	0.1
647	HD 176693		1.023	0.024	1.204	0.007	6140.0	77.0	1.961	0.058	4.288	0.003	-0.19	0.1
648	HD 177153		1.039	0.021	1.285	0.027	6035.0	19.0	1.947	0.02	4.296	0.002	-0.05	0.03
650	HD 177723		1.301	0.048	1.46	0.015	6538.0	77.0	3.51	0.18	4.219	0.009	0.16	0.1
662	HD 181207		1.048	0.028	1.233	0.011	6033.0	77.0	1.814	0.098	4.276	0.003	-0.23	0.1
664	HD 182756		1.247	0.071	1.354	0.028	5855.0	24.0	1.93	0.13	4.266	0.006	0.41	0.04
667	HD 183870B		0.23	0.006	0.258	0.005	3208.0	67.0	0.0063	0.0063	4.98	0.02	0.05	0.02
669	HD 184401		0.969	0.036	0.997	0.017	5270.0	180.0	0.691	0.097	4.424	0.006	-0.12	0.18
674	HD 186306		0.768	0.019	0.776	0.007	5365.0	15.0	0.431	0.026	4.545	0.003	-0.47	0.03
678	HD 187160	A	1.073	0.033	1.102	0.012	6067.0	120.0	1.48	0.12	4.382	0.005	-0.1	0.15
680	HD 187637		1.169	0.039	1.304	0.034	6236.0	82.0	2.315	0.023	4.26	0.03	-0.09	0.02
686	HD 190166		1.024	0.03	1.155	0.009	6143.0	77.0	1.712	0.09	4.324	0.003	-0.29	0.1
688	HD 190360		0.951	0.008	1.2	0.033	5462.0	76.0	1.156	0.012	4.26	0.03	0.22	0.01
690	HD 193901		0.77	0.02	0.81	0.03	5853.0	34.0	0.694	0.054	4.5	0.04	-1.1	0.05
692	HD 195987	A	0.842	0.0014	0.671	0.023	5296.0	102.0	0.319	0.033	4.71	0.03	-0.38	0.1
693	HD 195987	B	0.66201	0.00076	0.441	0.02	4360.0	133.0	0.0633	0.0097	4.97	0.04	-0.38	0.1
694	HD 199305		0.573	0.057	0.5464	0.0061	3691.0	22.0	0.04992	0.0005	4.721	0.044	-0.24	0.04
695	HD 201891		0.762	0.003	0.981	0.014	6039.0	47.0	1.154	0.012	4.34	0.04	-0.97	0.05
696	HD 204961		0.447	0.011	0.4346	0.0053	3512.0	37.0	0.0259	0.00087	4.812	0.015	-0.11	0.09
699	HD 208704		0.95	0.04	1.13	0.02	5818.0	77.0	1.318	0.084	4.311	0.008	-0.14	0.1
704	HD 210776		1.0	0.02	0.98	0.01	5580.0	77.0	0.839	0.049	4.451	0.004	0.31	0.1
709	HD 211276		0.83	0.03	0.93	0.02	5535.0	77.0	0.731	0.051	4.421	0.016	-0.25	0.1
713	HD 211749		1.16	0.03	1.31	0.02	6315.0	77.0	2.46	0.14	4.267	0.01	-0.14	0.1
717	HD 212560		1.15	0.04	1.36	0.03	6143.0	77.0	2.37	0.16	4.23	0.012	-0.04	0.1
722	HD 213677		0.88	0.04	0.94	0.01	5846.0	77.0	0.93	0.053	4.436	0.007	-0.38	0.1
723	HD 213735		1.09	0.05	1.31	0.02	5962.0	77.0	1.95	0.12	4.238	0.008	-0.04	0.1
726	HD 216899		0.569	0.057	0.5492	0.003	3712.0	14.0	0.05159	0.00052	4.714	0.044	-0.07	0.04
732	HD 217987		0.486	0.012	0.4694	0.0014	3692.0	56.0	0.0369	0.0022	4.782	0.011	-0.17	0.09
744	HD 219134		0.777	0.004	0.7778	0.0049	4799.0	34.0	0.289	0.0074	4.55	0.01	0.06	0.02
751	HD 219869	B	1.006	0.0021	1.11	0.023	6237.0	101.0	1.68	0.13	4.35	0.018	-0.39	0.07
766	HD 224974	A	1.2479	0.0061	1.27	0.19	6221.0	85.0	2.16	0.77	4.33	0.13	0.04	0.03
767	HD 224974	B	1.2247	0.0059	1.04	0.24	6171.0	75.0	1.42	0.84	4.49	0.2	0.04	0.03
768	HD 225213		0.39	0.01	0.3794	0.0023	3615.0	21.0	0.02214	0.00042	4.871	0.012	-0.26	0.09
770	HD 234856		1.137	0.063	1.382	0.022	6179.0	77.0	2.51	0.15	4.213	0.006	-0.08	0.1
772	HD 241253		0.78	0.03	0.79	0.03	5929.0	35.0	0.695	0.055	4.53	0.04	-1.11	0.05
773	HD 265866		0.36	0.016	0.338	0.013	3546.0	74.0	0.01627	0.00049	4.937	0.039	-0.2	0.12
776	HD 284248		0.81	0.02	1.01	0.04	6270.0	33.0	1.42	0.12	4.33	0.05	-1.55	0.05
777	HD 284753	B	0.409	0.005	0.408	0.009	3589.0	99.0	0.0249	0.003	4.829	0.019	-0.26	0.26
778	HD 285968		0.486	0.011	0.457	0.021	3716.0	90.0	0.03581	0.00089	4.806	0.042	-0.18	0.03
779	HD 298986		0.767	0.006	1.046	0.014	6341.0	46.0	1.594	0.017	4.29	0.02	-1.33	0.04
780	HD 349726		0.303	0.03	0.323	0.014	3494.0	62.0	0.01423	0.00024	4.901	0.057	-0.35	0.08
781	M4 V69	A	0.7665	0.0053	0.8656	0.0098	6081.0	126.0	0.923	0.079	4.44	0.13	-1.2	0.1
782	M4 V69	B	0.7278	0.0049	0.8074	0.008	5916.0	136.0	0.719	0.068	4.48	0.12	-1.2	0.1
783	OGLE SMC-ECL- 6249	A	0.8618	0.0048	1.1833	0.0033	6026.0	42.0	1.648	0.049	4.227	0.002	-0.71	0.1
784	OGLE SMC-ECL- 6249	B	0.8268	0.0046	1.0044	0.0039	5957.0	41.0	1.14	0.039	4.352	0.003	-0.71	0.1
786	TYC  173-3208-1		0.293	0.007	0.3187	0.0041	3292.0	27.0	0.01075	0.00022	4.898	0.015	-0.19	0.11
787	TYC  246-1068-1		0.42	0.03	0.427	0.016	3516.0	68.0	0.02505	0.00051	4.801	0.045	-0.39	0.06
788	TYC  246-471-1		0.81	0.03	0.9	0.04	6056.0	33.0	0.982	0.09	4.44	0.05	-1.12	0.05
792	TYC  281-956-1		0.74	0.02	0.91	0.03	6151.0	32.0	1.068	0.074	4.39	0.04	-1.98	0.05
793	TYC  502-308-1		0.76	0.01	0.95	0.03	6076.0	31.0	1.108	0.074	4.36	0.04	-1.5	0.05
795	TYC  800-1325-1		1.22	0.03	1.3	0.009	6307.0	77.0	2.445	0.029	4.31	0.1	-0.04	0.1
801	TYC  882-1111-1		0.333	0.019	0.339	0.016	3291.0	76.0	0.01212	8e-05	4.901	0.047	-0.23	0.12
802	TYC 1598-325-1		0.296	0.03	0.31	0.012	3500.0	60.0	0.01392	0.00016	4.927	0.055	-0.33	0.08
805	TYC 1979-2518-1		0.7	0.02	0.72	0.02	5879.0	32.0	0.558	0.033	4.56	0.04	-1.86	0.05
806	TYC 1984-2613-1		0.472	0.047	0.438	0.014	3444.0	55.0	0.02431	0.00034	4.829	0.051	-0.22	0.08
807	TYC 2020-808-1		0.78	0.02	1.02	0.04	6457.0	31.0	1.63	0.13	4.31	0.04	-2.43	0.05
808	TYC 2063-479-1		0.517	0.013	0.541	0.013	3610.0	60.0	0.0447	0.002	4.686	0.024	-0.2	0.04
809	TYC 2197-1464-1		0.8	0.02	1.12	0.04	6107.0	33.0	1.57	0.12	4.24	0.04	-1.24	0.05
811	TYC 2257-765-1	A	0.844	0.045	0.814	0.016	4984.0	87.0	0.368	0.029	4.544	0.008	0.11	0.05
812	TYC 2483-160-1	A	1.2377	0.0009	1.3826	0.0025	6053.0	98.0	2.31	0.15	4.2492	0.0016	0.34	0.34
813	TYC 2483-160-1	B	1.202	0.0008	1.314	0.0012	5984.0	96.0	1.99	0.13	4.2808	0.0009	0.34	0.34
816	TYC 3012-2528-1		0.403	0.04	0.4028	0.009	3497.0	40.0	0.02186	0.00022	4.833	0.048	-0.52	0.04
818	TYC 3120-325-1		1.019	0.03	1.039	0.009	6134.0	91.0	1.363	0.056	4.412	0.004	-0.24	0.1
819	TYC 3120-887-1		1.178	0.049	1.36	0.018	6343.0	85.0	2.73	0.16	4.243	0.008	-0.04	0.1
820	TYC 3120-967-1		1.034	0.015	1.089	0.009	6045.0	77.0	1.427	0.076	4.378	0.003	-0.06	0.1
822	TYC 3121-559-1		1.068	0.035	1.08	0.012	6107.0	77.0	1.462	0.081	4.395	0.005	-0.04	0.1
825	TYC 3124-1264-1		1.159	0.051	1.297	0.015	6270.0	79.0	2.41	0.13	4.275	0.008	-0.04	0.1
828	TYC 3125-1178-1		0.9	0.03	0.8	0.03	5091.0	97.0	0.344	0.007	4.586	0.036	0.23	0.12
829	TYC 3125-1178-1		0.9	0.03	0.8	0.03	5091.0	97.0	0.344	0.007	4.586	0.036	0.23	0.12
833	TYC 3125-976-1		1.199	0.03	1.399	0.012	6169.0	50.0	2.58	0.1	4.224	0.007	0.09	0.08
835	TYC 3127-167-1	A	1.043	0.014	0.9399	0.005	5794.0	133.0	0.897	0.083	4.517	0.008	-0.05	0.09
836	TYC 3127-167-1	B	0.986	0.015	0.941	0.005	5741.0	145.0	0.867	0.088	4.491	0.008	-0.05	0.09
838	TYC 3129-1587-1		0.989	0.023	1.125	0.009	6068.0	108.0	1.55	0.11	4.327	0.003	-0.99	0.19
839	TYC 3129-174-1		0.94	0.04	0.85	0.04	5263.0	102.0	0.497	0.01	4.552	0.045	0.25	0.12
840	TYC 3129-174-1		0.94	0.04	0.85	0.04	5263.0	102.0	0.497	0.01	4.552	0.045	0.25	0.12
843	TYC 3129-329-1		0.749	0.02	0.753	0.01	5172.0	75.0	0.41	0.19	4.56	0.18	-0.52	0.12
844	TYC 3129-3292-1		1.005	0.035	1.254	0.012	5853.0	77.0	1.663	0.093	4.245	0.006	-0.23	0.1
847	TYC 3131-1199-1		0.81	0.019	0.772	0.006	5417.0	75.0	0.467	0.025	4.57	0.003	-0.32	0.07
850	TYC 3131-830-1		0.834	0.021	0.871	0.008	5510.0	15.0	0.626	0.037	4.477	0.005	-0.19	0.03
851	TYC 3132-1582-1		1.222	0.04	1.402	0.018	6173.0	101.0	2.57	0.18	4.23	0.005	-0.13	0.15
852	TYC 3132-651-1		1.239	0.051	1.417	0.021	6463.0	110.0	3.04	0.17	4.228	0.008	0.09	0.11
854	TYC 3133-248-1		1.148	0.051	1.345	0.018	6239.0	94.0	2.64	0.15	4.24	0.008	-0.14	0.1
855	TYC 3133-362-1		0.93	0.016	1.048	0.005	5719.0	77.0	1.059	0.058	4.362	0.002	-0.12	0.1
857	TYC 3134-218-1		0.899	0.009	0.916	0.006	5669.0	75.0	0.78	0.029	4.468	0.003	-0.18	0.1
859	TYC 3134-978-1	A	1.2259	0.0024	1.4072	0.0022	6530.0	220.0	2.82	0.39	4.2298	0.0016	0.1	0.13
860	TYC 3134-978-1	B	1.2275	0.0028	1.403	0.0025	6530.0	220.0	2.82	0.39	4.233	0.0018	0.1	0.13
862	TYC 3135-624-1		1.101	0.025	1.322	0.007	5680.0	15.0	1.625	0.09	4.233	0.003	0.27	0.03
864	TYC 3138-1820-1		1.068	0.04	1.339	0.018	5952.0	75.0	2.04	0.12	4.213	0.008	-0.08	0.1
867	TYC 3142-403-1		1.058	0.075	1.164	0.024	5625.0	20.0	1.265	0.086	4.325	0.004	0.27	0.04
874	TYC 3143-604-1	A	1.0351	0.0055	1.072	0.002	6486.0	134.0	1.83	0.15	4.3927	0.0024	-0.46	0.1
875	TYC 3143-604-1	B	0.9712	0.0038	1.0102	0.0016	6397.0	118.0	1.54	0.11	4.4166	0.0019	-0.46	0.1
877	TYC 3144-1550-1		1.099	0.022	1.37	0.009	5775.0	77.0	1.88	0.1	4.205	0.003	0.19	0.1
880	TYC 3146-1340-1	A	1.277	0.017	1.276	0.011	6714.0	155.0	2.95	0.27	4.332	0.007	0.1	0.08
881	TYC 3146-1340-1	B	1.221	0.016	1.21	0.014	6561.0	166.0	2.45	0.28	4.359	0.009	0.1	0.08
883	TYC 3146-491-1	B	0.8134	0.0051	0.7494	0.0041	5702.0	79.0	0.535	0.03	4.599	0.0039	-0.46	0.1
884	TYC 3147-171-1		0.814	0.011	1.027	0.004	5985.0	35.0	1.131	0.06	4.329	0.003	-0.95	0.05
887	TYC 3148-1870-1		1.249	0.031	1.35	0.013	6343.0	77.0	2.66	0.14	4.274	0.005	-0.03	0.1
891	TYC 3531-451-1		1.091	0.097	1.09	0.027	6045.0	77.0	1.43	0.1	4.399	0.007	0.06	0.1
894	TYC 3541-2136-1	B	1.129	0.091	1.137	0.027	6302.0	77.0	1.84	0.13	4.375	0.008	0.1	0.1
903	TYC 3546-941-1	B	0.8339	0.0042	0.995	0.015	6026.0	111.0	1.15	0.14	4.366	0.013	-0.73	0.1
910	TYC 3547-268-1		1.257	0.045	1.423	0.009	6548.0	82.0	3.41	0.19	4.215	0.026	0.11	0.1
915	TYC 3549-2811-1		1.035	0.02	0.9802	0.0067	5875.0	13.0	1.031	0.017	4.471	0.004	0.01	0.01
919	TYC 3551-189-1		1.068	0.019	1.237	0.006	5793.0	74.0	1.581	0.043	4.28	0.003	0.12	0.07
924	TYC 3556-3445-1		0.979	0.017	1.15	0.003	5852.0	77.0	1.397	0.074	4.312	0.002	-0.18	0.1
925	TYC 3556-878-1		0.885	0.023	0.881	0.008	5457.0	77.0	0.598	0.025	4.494	0.003	0.05	0.1
926	TYC 3556-909-1		0.969	0.017	1.149	0.009	6047.0	77.0	1.59	0.085	4.304	0.003	-0.31	0.1
929	TYC 3557-221-1	B	1.015	0.016	1.034	0.014	5821.0	201.0	1.1	0.16	4.416	0.01	-0.31	0.09
930	TYC 3557-295-1		1.13	0.05	1.234	0.015	6335.0	40.0	1.62	0.2	4.28	0.004	-0.29	0.04
933	TYC 3560-2509-1		1.082	0.048	1.129	0.016	5949.0	77.0	1.438	0.085	4.364	0.005	0.11	0.1
939	TYC 3565-1235-1		0.83	0.028	0.845	0.009	5180.0	180.0	0.463	0.065	4.502	0.004	-0.09	0.1
942	TYC 3878-1193-1		0.298	0.013	0.354	0.01	3352.0	55.0	0.0143	0.00039	4.813	0.032	-0.42	0.07
950	TYC 4428-1943-1		0.413	0.041	0.4202	0.0068	3412.0	29.0	0.02155	0.00022	4.807	0.046	-0.14	0.12
953	TYC 4682-2798-1		0.602	0.015	0.591	0.011	4030.0	67.0	0.0836	0.0083	4.68	0.02	-0.11	0.02
955	TYC 4959-178-1		0.461	0.046	0.461	0.024	3498.0	60.0	0.02582	0.00038	4.774	0.063	0.08	0.08
956	TYC 4967-579-1		0.79	0.01	1.05	0.04	6592.0	32.0	1.88	0.15	4.29	0.04	-2.92	0.05
957	TYC 5227-1023-1	B	0.839	0.012	0.977	0.0099	5929.0	218.0	1.06	0.16	4.38	0.01	-0.63	0.11
962	TYC 5834-95-1	A	1.201	0.065	1.367	0.038	6190.0	50.0	2.47	0.16	4.245	0.019	0.07	0.08
963	TYC 5871-284-1		0.78	0.03	0.84	0.03	6379.0	35.0	1.053	0.079	4.48	0.04	-2.69	0.05
964	TYC 5962-2159-1	A	0.956	0.012	0.997	0.0039	5495.0	101.0	0.817	0.061	4.421	0.003	0.09	0.13
965	TYC 5962-2159-1	B	0.6741	0.005	0.6899	0.007	3972.0	110.0	0.107	0.012	4.589	0.009	0.09	0.13
967	TYC 6296-1893-1	B	0.649	0.015	0.652	0.013	4009.0	166.0	0.099	0.017	4.624	0.012	0.07	0.03
968	TYC 6296-2012-1	A	1.121	0.013	1.1779	0.0071	6138.0	99.0	1.77	0.11	4.346	0.005	0.07	0.03
969	TYC 6296-2012-1	B	0.733	0.0051	0.64	0.017	4498.0	104.0	0.151	0.016	4.69	0.022	0.07	0.03
970	TYC 6296-96-1	A	1.0782	0.002	1.055	0.011	5929.0	96.0	1.233	0.088	4.4247	0.0094	0.07	0.03
971	TYC 6296-96-1	B	1.0661	0.0025	1.042	0.012	5875.0	95.0	1.164	0.083	4.4303	0.0097	0.07	0.03
978	TYC 7023-26-1		0.7	0.01	1.05	0.04	6602.0	32.0	1.89	0.15	4.3	0.04	-2.67	0.05
985	TYC 7091-888-1	B	0.7832	0.0029	0.7291	0.0081	5395.0	75.0	0.406	0.024	4.6064	0.0098	-0.33	0.1
988	TYC 7482-456-1		0.78	0.02	0.95	0.03	6377.0	34.0	1.345	0.09	4.37	0.04	-2.17	0.05
991	TYC 8017-108-1		0.947	0.019	0.9179	0.0093	5496.0	19.0	0.693	0.017	4.489	0.007	0.05	0.01
994	TYC 8346-37-1		0.352	0.008	0.361	0.018	3409.0	118.0	0.0158	0.0015	4.87	0.045	-0.16	0.09
996	TYC 8511-888-1	B	1.0897	0.0035	1.1814	0.0038	6324.0	44.0	2.018	0.056	4.3297	0.0026	0.0	0.2
1000	TYC 8590-374-1	A	1.436	0.016	1.5269	0.007	7031.0	227.0	5.44	0.78	4.2277	0.0062	-0.15	0.13
1001	TYC 8590-374-1	B	1.372	0.018	1.3919	0.0071	6683.0	231.0	3.85	0.58	4.2882	0.0072	-0.15	0.13
1007	TYC 9281-3037-1		0.78	0.02	1.06	0.04	6432.0	31.0	1.73	0.13	4.28	0.04	-2.24	0.05
1009	V*Doo	B	1.209	0.006	1.216	0.01	6152.0	114.0	1.91	0.15	4.3506	0.0075	0.1	0.15
1012	V*K For	A	0.6946	0.00072	0.688	0.02	4690.0	100.0	0.206	0.022	4.605	0.025	-0.2	0.1
1013	V*K For	B	0.6348	0.005	0.61	0.016	4390.0	150.0	0.124	0.02	4.67	0.023	-0.2	0.1
1014	V*Lri	B	0.9112	0.0006	0.9049	0.0079	5559.0	64.0	0.704	0.035	4.485	0.008	-0.42	0.08
1015	V*L Dor	A	1.1018	0.0006	1.0917	0.002	6056.0	60.0	1.44	0.06	4.404	0.002	-0.11	0.05
1016	V*L Dor	B	1.1028	0.0007	1.0983	0.002	6050.0	60.0	1.46	0.06	4.399	0.002	-0.11	0.05
1018	V*K Peg	B	1.2569	0.0049	1.474	0.017	6324.0	88.0	3.09	0.21	4.2	0.01	-0.12	0.07
1021	V*X Cet		0.246	0.025	0.278	0.01	3483.0	69.0	0.00816	0.0001	4.994	0.017	-0.31	0.05
1022	CF UMa		0.63	0.016	0.5846	0.0039	5234.0	22.0	0.231	0.0023	4.72	0.01	-1.33	0.02
1034	FI Vir		0.174	0.004	0.196	0.01	3264.0	111.0	0.00393	0.00032	5.094	0.048	-0.19	0.14
1039	GXnd		0.423	0.042	0.3849	0.0019	3562.0	13.0	0.02149	0.00022	4.894	0.044	-0.72	0.07
1041	HO Lib		0.297	0.03	0.302	0.0095	3501.0	58.0	0.01235	0.00026	4.951	0.051	-0.17	0.08
1042	HPoo		0.96	0.019	1.113	0.022	5811.0	58.0	1.272	0.013	4.33	0.03	-0.01	0.02
1045	ILqr		0.409	0.01	0.3751	0.0045	3164.0	25.0	0.01271	0.00025	4.902	0.015	-0.17	0.12
1048	KX Cnc	A	1.1345	0.0031	1.0527	0.0056	5902.0	95.0	1.211	0.084	4.4483	0.0048	0.07	0.1
1049	KX Cnc	B	1.1241	0.0044	1.0593	0.0051	5848.0	94.0	1.178	0.081	4.4388	0.0045	0.07	0.1
1050	KX Lib		0.745	0.016	0.6948	0.0089	4723.0	71.0	0.216	0.012	4.63	0.02	0.02	0.04
1059	NO UMa	A	0.834	0.017	0.638	0.074	5105.0	102.0	0.249	0.061	4.75	0.1	-0.14	0.1
1060	NO UMa	B	0.64	0.017	0.527	0.061	4175.0	106.0	0.076	0.019	4.8	0.1	-0.14	0.1
1061	NY Hya	A	1.1609	0.0091	1.407	0.015	5598.0	64.0	1.75	0.085	4.206	0.009	0.07	0.1
1062	NY Hya	B	1.1679	0.0099	1.406	0.017	5610.0	65.0	1.762	0.089	4.21	0.011	0.07	0.1
1078	V1216 Sgr		0.175	0.004	0.2054	0.0064	3160.0	74.0	0.00379	0.00027	5.056	0.029	-0.97	0.03
1079	V1428ql		0.475	0.047	0.4826	0.0045	3541.0	19.0	0.03298	0.00033	4.748	0.044	-0.22	0.06
1080	V2306 Oph		0.3	0.007	0.3061	0.0065	3372.0	47.0	0.01091	0.00039	4.944	0.021	-0.21	0.11
1081	V2500 Oph		0.146	0.015	0.1871	0.001	3251.0	23.0	0.00352	9e-05	5.058	0.044	-0.86	0.09
1084	V376 Peg		1.136	0.023	1.159	0.011	6126.0	18.0	1.705	0.037	4.365	0.006	0.04	0.01
1086	V439nd		0.875	0.008	0.923	0.013	5377.0	41.0	0.6419	0.0064	4.46	0.02	0.11	0.01
1087	V452 Vul		0.775	0.018	0.7421	0.0062	4875.0	43.0	0.28	0.011	4.587	0.004	-0.08	0.03
1090	V530 Ori	A	1.0037	0.0067	0.98	0.013	5984.0	97.0	1.038	0.076	4.457	0.012	-0.12	0.08
1091	V530 Ori	B	0.5955	0.0022	0.5874	0.0068	3882.0	118.0	0.0705	0.0086	4.675	0.01	-0.12	0.08
1096	V987 Cas		0.858	0.027	0.824	0.019	5292.0	77.0	0.479	0.017	4.55	0.03	0.03	0.02
